"execution_id","inicio_utc","estado","version_id","md5_prompt"
"2716","2026-09-15 14:50:18.428","success","b15bd792-ccbd-4fc2-bf5c-9901e968ea7f","64f3a3ab58dca4c1096e9c4c7f4d3a3c"
"2717","2026-09-15 14:50:19.488","success","b15bd792-ccbd-4fc2-bf5c-9901e968ea7f","64f3a3ab58dca4c1096e9c4c7f4d3a3c"
"2718","2026-09-15 14:50:20.527","success","b15bd792-ccbd-4fc2-bf5c-9901e968ea7f","64f3a3ab58dca4c1096e9c4c7f4d3a3c"
"2719","2026-09-15 14:50:21.561","success","b15bd792-ccbd-4fc2-bf5c-9901e968ea7f","64f3a3ab58dca4c1096e9c4c7f4d3a3c"
"2720","2026-09-15 14:50:22.602","success","b15bd792-ccbd-4fc2-bf5c-9901e968ea7f","64f3a3ab58dca4c1096e9c4c7f4d3a3c"
"2721","2026-09-15 14:50:23.643","success","b15bd792-ccbd-4fc2-bf5c-9901e968ea7f","64f3a3ab58dca4c1096e9c4c7f4d3a3c"
"2722","2026-09-15 14:50:24.693","success","b15bd792-ccbd-4fc2-bf5c-9901e968ea7f","64f3a3ab58dca4c1096e9c4c7f4d3a3c"
"2723","2026-09-15 14:50:25.734","success","b15bd792-ccbd-4fc2-bf5c-9901e968ea7f","64f3a3ab58dca4c1096e9c4c7f4d3a3c"
"2724","2026-09-15 14:50:26.769","success","b15bd792-ccbd-4fc2-bf5c-9901e968ea7f","64f3a3ab58dca4c1096e9c4c7f4d3a3c"
"2725","2026-09-15 14:50:27.804","success","b15bd792-ccbd-4fc2-bf5c-9901e968ea7f","64f3a3ab58dca4c1096e9c4c7f4d3a3c"
"2726","2026-09-15 14:50:28.839","success","b15bd792-ccbd-4fc2-bf5c-9901e968ea7f","64f3a3ab58dca4c1096e9c4c7f4d3a3c"
"2727","2026-09-15 14:50:29.876","success","b15bd792-ccbd-4fc2-bf5c-9901e968ea7f","64f3a3ab58dca4c1096e9c4c7f4d3a3c"
"2728","2026-09-15 14:50:30.915","success","b15bd792-ccbd-4fc2-bf5c-9901e968ea7f","64f3a3ab58dca4c1096e9c4c7f4d3a3c"
"2729","2026-09-15 14:50:31.950","success","b15bd792-ccbd-4fc2-bf5c-9901e968ea7f","64f3a3ab58dca4c1096e9c4c7f4d3a3c"
"2730","2026-09-15 14:50:32.991","success","b15bd792-ccbd-4fc2-bf5c-9901e968ea7f","64f3a3ab58dca4c1096e9c4c7f4d3a3c"
"2731","2026-09-15 14:50:34.029","success","b15bd792-ccbd-4fc2-bf5c-9901e968ea7f","64f3a3ab58dca4c1096e9c4c7f4d3a3c"
"2732","2026-09-15 14:50:35.069","success","b15bd792-ccbd-4fc2-bf5c-9901e968ea7f","64f3a3ab58dca4c1096e9c4c7f4d3a3c"
"2733","2026-09-15 14:50:36.107","success","b15bd792-ccbd-4fc2-bf5c-9901e968ea7f","64f3a3ab58dca4c1096e9c4c7f4d3a3c"
"2734","2026-09-15 14:50:37.141","success","b15bd792-ccbd-4fc2-bf5c-9901e968ea7f","64f3a3ab58dca4c1096e9c4c7f4d3a3c"
"2735","2026-09-15 14:50:38.181","success","b15bd792-ccbd-4fc2-bf5c-9901e968ea7f","64f3a3ab58dca4c1096e9c4c7f4d3a3c"
"2736","2026-09-15 14:50:39.221","success","b15bd792-ccbd-4fc2-bf5c-9901e968ea7f","64f3a3ab58dca4c1096e9c4c7f4d3a3c"
"2737","2026-09-15 14:50:40.258","success","b15bd792-ccbd-4fc2-bf5c-9901e968ea7f","64f3a3ab58dca4c1096e9c4c7f4d3a3c"
"2738","2026-09-15 14:50:41.298","success","b15bd792-ccbd-4fc2-bf5c-9901e968ea7f","64f3a3ab58dca4c1096e9c4c7f4d3a3c"
"2739","2026-09-15 14:50:42.339","success","b15bd792-ccbd-4fc2-bf5c-9901e968ea7f","64f3a3ab58dca4c1096e9c4c7f4d3a3c"
"2740","2026-09-15 14:50:43.377","success","b15bd792-ccbd-4fc2-bf5c-9901e968ea7f","64f3a3ab58dca4c1096e9c4c7f4d3a3c"
"2741","2026-09-15 14:50:44.416","success","b15bd792-ccbd-4fc2-bf5c-9901e968ea7f","64f3a3ab58dca4c1096e9c4c7f4d3a3c"
"2742","2026-09-15 14:50:45.459","success","b15bd792-ccbd-4fc2-bf5c-9901e968ea7f","64f3a3ab58dca4c1096e9c4c7f4d3a3c"
"2743","2026-09-15 14:50:46.499","success","b15bd792-ccbd-4fc2-bf5c-9901e968ea7f","64f3a3ab58dca4c1096e9c4c7f4d3a3c"
"2744","2026-09-15 14:50:47.537","success","b15bd792-ccbd-4fc2-bf5c-9901e968ea7f","64f3a3ab58dca4c1096e9c4c7f4d3a3c"
"2745","2026-09-15 14:50:48.594","success","b15bd792-ccbd-4fc2-bf5c-9901e968ea7f","64f3a3ab58dca4c1096e9c4c7f4d3a3c"
"2746","2026-09-15 14:50:49.634","success","b15bd792-ccbd-4fc2-bf5c-9901e968ea7f","64f3a3ab58dca4c1096e9c4c7f4d3a3c"
"2747","2026-09-15 14:50:50.673","success","b15bd792-ccbd-4fc2-bf5c-9901e968ea7f","64f3a3ab58dca4c1096e9c4c7f4d3a3c"
"2748","2026-09-15 14:50:51.712","success","b15bd792-ccbd-4fc2-bf5c-9901e968ea7f","64f3a3ab58dca4c1096e9c4c7f4d3a3c"
"2749","2026-09-15 14:50:52.753","success","b15bd792-ccbd-4fc2-bf5c-9901e968ea7f","64f3a3ab58dca4c1096e9c4c7f4d3a3c"
"2750","2026-09-15 14:50:53.788","success","b15bd792-ccbd-4fc2-bf5c-9901e968ea7f","64f3a3ab58dca4c1096e9c4c7f4d3a3c"
"2751","2026-09-15 14:50:54.829","success","b15bd792-ccbd-4fc2-bf5c-9901e968ea7f","64f3a3ab58dca4c1096e9c4c7f4d3a3c"
"2752","2026-09-15 14:50:55.865","success","b15bd792-ccbd-4fc2-bf5c-9901e968ea7f","64f3a3ab58dca4c1096e9c4c7f4d3a3c"
"2753","2026-09-15 14:50:56.902","success","b15bd792-ccbd-4fc2-bf5c-9901e968ea7f","64f3a3ab58dca4c1096e9c4c7f4d3a3c"
"2754","2026-09-15 14:50:57.953","success","b15bd792-ccbd-4fc2-bf5c-9901e968ea7f","64f3a3ab58dca4c1096e9c4c7f4d3a3c"
"2755","2026-09-15 14:50:58.990","success","b15bd792-ccbd-4fc2-bf5c-9901e968ea7f","64f3a3ab58dca4c1096e9c4c7f4d3a3c"
"2756","2026-09-15 14:51:00.033","success","b15bd792-ccbd-4fc2-bf5c-9901e968ea7f","64f3a3ab58dca4c1096e9c4c7f4d3a3c"
"2757","2026-09-15 14:51:01.071","success","b15bd792-ccbd-4fc2-bf5c-9901e968ea7f","64f3a3ab58dca4c1096e9c4c7f4d3a3c"
"2758","2026-09-15 14:51:02.109","success","b15bd792-ccbd-4fc2-bf5c-9901e968ea7f","64f3a3ab58dca4c1096e9c4c7f4d3a3c"
"2759","2026-09-15 14:51:03.149","success","b15bd792-ccbd-4fc2-bf5c-9901e968ea7f","64f3a3ab58dca4c1096e9c4c7f4d3a3c"
"2760","2026-09-15 14:51:04.187","success","b15bd792-ccbd-4fc2-bf5c-9901e968ea7f","64f3a3ab58dca4c1096e9c4c7f4d3a3c"
"2761","2026-09-15 14:51:05.228","success","b15bd792-ccbd-4fc2-bf5c-9901e968ea7f","64f3a3ab58dca4c1096e9c4c7f4d3a3c"
"2762","2026-09-15 14:51:06.267","success","b15bd792-ccbd-4fc2-bf5c-9901e968ea7f","64f3a3ab58dca4c1096e9c4c7f4d3a3c"
"2763","2026-09-15 14:51:07.311","success","b15bd792-ccbd-4fc2-bf5c-9901e968ea7f","64f3a3ab58dca4c1096e9c4c7f4d3a3c"
"2764","2026-09-15 14:51:08.345","success","b15bd792-ccbd-4fc2-bf5c-9901e968ea7f","64f3a3ab58dca4c1096e9c4c7f4d3a3c"
"2765","2026-09-15 14:51:09.399","success","b15bd792-ccbd-4fc2-bf5c-9901e968ea7f","64f3a3ab58dca4c1096e9c4c7f4d3a3c"
"2766","2026-09-15 14:51:10.434","success","b15bd792-ccbd-4fc2-bf5c-9901e968ea7f","64f3a3ab58dca4c1096e9c4c7f4d3a3c"
"2767","2026-09-15 14:51:11.470","success","b15bd792-ccbd-4fc2-bf5c-9901e968ea7f","64f3a3ab58dca4c1096e9c4c7f4d3a3c"
"2768","2026-09-15 14:51:12.507","success","b15bd792-ccbd-4fc2-bf5c-9901e968ea7f","64f3a3ab58dca4c1096e9c4c7f4d3a3c"
"2769","2026-09-15 14:51:13.549","success","b15bd792-ccbd-4fc2-bf5c-9901e968ea7f","64f3a3ab58dca4c1096e9c4c7f4d3a3c"
"2770","2026-09-15 14:51:14.579","success","b15bd792-ccbd-4fc2-bf5c-9901e968ea7f","64f3a3ab58dca4c1096e9c4c7f4d3a3c"
"2771","2026-09-15 14:51:15.615","success","b15bd792-ccbd-4fc2-bf5c-9901e968ea7f","64f3a3ab58dca4c1096e9c4c7f4d3a3c"
"2772","2026-09-15 14:51:16.648","success","b15bd792-ccbd-4fc2-bf5c-9901e968ea7f","64f3a3ab58dca4c1096e9c4c7f4d3a3c"
"2773","2026-09-15 14:51:17.683","success","b15bd792-ccbd-4fc2-bf5c-9901e968ea7f","64f3a3ab58dca4c1096e9c4c7f4d3a3c"
"2774","2026-09-15 14:51:18.724","success","b15bd792-ccbd-4fc2-bf5c-9901e968ea7f","64f3a3ab58dca4c1096e9c4c7f4d3a3c"
"2775","2026-09-15 14:51:19.753","success","b15bd792-ccbd-4fc2-bf5c-9901e968ea7f","64f3a3ab58dca4c1096e9c4c7f4d3a3c"
"2776","2026-09-15 14:51:20.793","success","b15bd792-ccbd-4fc2-bf5c-9901e968ea7f","64f3a3ab58dca4c1096e9c4c7f4d3a3c"
"2777","2026-09-15 14:51:21.829","success","b15bd792-ccbd-4fc2-bf5c-9901e968ea7f","64f3a3ab58dca4c1096e9c4c7f4d3a3c"
"2778","2026-09-15 14:51:22.870","success","b15bd792-ccbd-4fc2-bf5c-9901e968ea7f","64f3a3ab58dca4c1096e9c4c7f4d3a3c"
"2779","2026-09-15 14:51:23.907","success","b15bd792-ccbd-4fc2-bf5c-9901e968ea7f","64f3a3ab58dca4c1096e9c4c7f4d3a3c"
"2780","2026-09-15 14:51:24.945","success","b15bd792-ccbd-4fc2-bf5c-9901e968ea7f","64f3a3ab58dca4c1096e9c4c7f4d3a3c"
"2781","2026-09-15 14:51:25.981","success","b15bd792-ccbd-4fc2-bf5c-9901e968ea7f","64f3a3ab58dca4c1096e9c4c7f4d3a3c"
"2782","2026-09-15 14:51:27.017","success","b15bd792-ccbd-4fc2-bf5c-9901e968ea7f","64f3a3ab58dca4c1096e9c4c7f4d3a3c"
"2783","2026-09-15 14:51:28.067","success","b15bd792-ccbd-4fc2-bf5c-9901e968ea7f","64f3a3ab58dca4c1096e9c4c7f4d3a3c"
"2784","2026-09-15 14:51:29.098","success","b15bd792-ccbd-4fc2-bf5c-9901e968ea7f","64f3a3ab58dca4c1096e9c4c7f4d3a3c"
"2785","2026-09-15 14:51:30.136","success","b15bd792-ccbd-4fc2-bf5c-9901e968ea7f","64f3a3ab58dca4c1096e9c4c7f4d3a3c"
"2786","2026-09-15 14:51:31.173","success","b15bd792-ccbd-4fc2-bf5c-9901e968ea7f","64f3a3ab58dca4c1096e9c4c7f4d3a3c"
"2787","2026-09-15 14:51:32.215","success","b15bd792-ccbd-4fc2-bf5c-9901e968ea7f","64f3a3ab58dca4c1096e9c4c7f4d3a3c"
"2788","2026-09-15 14:51:33.257","success","b15bd792-ccbd-4fc2-bf5c-9901e968ea7f","64f3a3ab58dca4c1096e9c4c7f4d3a3c"
"2789","2026-09-15 14:51:34.294","success","b15bd792-ccbd-4fc2-bf5c-9901e968ea7f","64f3a3ab58dca4c1096e9c4c7f4d3a3c"
"2790","2026-09-15 14:51:35.330","success","b15bd792-ccbd-4fc2-bf5c-9901e968ea7f","64f3a3ab58dca4c1096e9c4c7f4d3a3c"
"2791","2026-09-15 14:51:36.364","success","b15bd792-ccbd-4fc2-bf5c-9901e968ea7f","64f3a3ab58dca4c1096e9c4c7f4d3a3c"
"2792","2026-09-15 14:51:37.407","success","b15bd792-ccbd-4fc2-bf5c-9901e968ea7f","64f3a3ab58dca4c1096e9c4c7f4d3a3c"
"2793","2026-09-15 14:51:38.444","success","b15bd792-ccbd-4fc2-bf5c-9901e968ea7f","64f3a3ab58dca4c1096e9c4c7f4d3a3c"
"2794","2026-09-15 14:51:39.496","success","b15bd792-ccbd-4fc2-bf5c-9901e968ea7f","64f3a3ab58dca4c1096e9c4c7f4d3a3c"
"2795","2026-09-15 14:51:40.540","success","b15bd792-ccbd-4fc2-bf5c-9901e968ea7f","64f3a3ab58dca4c1096e9c4c7f4d3a3c"
"2796","2026-09-15 14:51:41.580","success","b15bd792-ccbd-4fc2-bf5c-9901e968ea7f","64f3a3ab58dca4c1096e9c4c7f4d3a3c"
"2797","2026-09-15 14:51:42.619","success","b15bd792-ccbd-4fc2-bf5c-9901e968ea7f","64f3a3ab58dca4c1096e9c4c7f4d3a3c"
"2798","2026-09-15 14:51:43.660","success","b15bd792-ccbd-4fc2-bf5c-9901e968ea7f","64f3a3ab58dca4c1096e9c4c7f4d3a3c"
"2799","2026-09-15 14:51:44.701","success","b15bd792-ccbd-4fc2-bf5c-9901e968ea7f","64f3a3ab58dca4c1096e9c4c7f4d3a3c"
"2800","2026-09-15 14:51:45.733","success","b15bd792-ccbd-4fc2-bf5c-9901e968ea7f","64f3a3ab58dca4c1096e9c4c7f4d3a3c"
"2801","2026-09-15 14:51:46.772","success","b15bd792-ccbd-4fc2-bf5c-9901e968ea7f","64f3a3ab58dca4c1096e9c4c7f4d3a3c"
"2802","2026-09-15 14:51:47.810","success","b15bd792-ccbd-4fc2-bf5c-9901e968ea7f","64f3a3ab58dca4c1096e9c4c7f4d3a3c"
"2803","2026-09-15 14:51:48.849","success","b15bd792-ccbd-4fc2-bf5c-9901e968ea7f","64f3a3ab58dca4c1096e9c4c7f4d3a3c"
"2804","2026-09-15 14:51:49.889","success","b15bd792-ccbd-4fc2-bf5c-9901e968ea7f","64f3a3ab58dca4c1096e9c4c7f4d3a3c"
"2805","2026-09-15 14:51:50.930","success","b15bd792-ccbd-4fc2-bf5c-9901e968ea7f","64f3a3ab58dca4c1096e9c4c7f4d3a3c"
"2806","2026-09-15 14:51:51.970","success","b15bd792-ccbd-4fc2-bf5c-9901e968ea7f","64f3a3ab58dca4c1096e9c4c7f4d3a3c"
"2807","2026-09-15 14:51:53.013","success","b15bd792-ccbd-4fc2-bf5c-9901e968ea7f","64f3a3ab58dca4c1096e9c4c7f4d3a3c"
"2808","2026-09-15 14:51:54.053","success","b15bd792-ccbd-4fc2-bf5c-9901e968ea7f","64f3a3ab58dca4c1096e9c4c7f4d3a3c"
"2809","2026-09-15 14:51:55.091","success","b15bd792-ccbd-4fc2-bf5c-9901e968ea7f","64f3a3ab58dca4c1096e9c4c7f4d3a3c"
"2810","2026-09-15 14:51:56.122","success","b15bd792-ccbd-4fc2-bf5c-9901e968ea7f","64f3a3ab58dca4c1096e9c4c7f4d3a3c"
"2811","2026-09-15 14:51:57.162","success","b15bd792-ccbd-4fc2-bf5c-9901e968ea7f","64f3a3ab58dca4c1096e9c4c7f4d3a3c"
"2812","2026-09-15 14:51:58.203","success","b15bd792-ccbd-4fc2-bf5c-9901e968ea7f","64f3a3ab58dca4c1096e9c4c7f4d3a3c"
"2813","2026-09-15 14:51:59.241","success","b15bd792-ccbd-4fc2-bf5c-9901e968ea7f","64f3a3ab58dca4c1096e9c4c7f4d3a3c"
"2814","2026-09-15 14:52:00.290","success","b15bd792-ccbd-4fc2-bf5c-9901e968ea7f","64f3a3ab58dca4c1096e9c4c7f4d3a3c"
"2815","2026-09-15 14:52:01.324","success","b15bd792-ccbd-4fc2-bf5c-9901e968ea7f","64f3a3ab58dca4c1096e9c4c7f4d3a3c"
"2816","2026-09-15 14:52:02.362","success","b15bd792-ccbd-4fc2-bf5c-9901e968ea7f","64f3a3ab58dca4c1096e9c4c7f4d3a3c"
"2817","2026-09-15 14:52:03.396","success","b15bd792-ccbd-4fc2-bf5c-9901e968ea7f","64f3a3ab58dca4c1096e9c4c7f4d3a3c"
"2818","2026-09-15 14:52:04.438","success","b15bd792-ccbd-4fc2-bf5c-9901e968ea7f","64f3a3ab58dca4c1096e9c4c7f4d3a3c"
"2819","2026-09-15 14:52:05.478","success","b15bd792-ccbd-4fc2-bf5c-9901e968ea7f","64f3a3ab58dca4c1096e9c4c7f4d3a3c"
"2820","2026-09-15 14:52:06.511","success","b15bd792-ccbd-4fc2-bf5c-9901e968ea7f","64f3a3ab58dca4c1096e9c4c7f4d3a3c"
"2821","2026-09-15 14:52:07.550","success","b15bd792-ccbd-4fc2-bf5c-9901e968ea7f","64f3a3ab58dca4c1096e9c4c7f4d3a3c"
"2822","2026-09-15 14:52:08.587","success","b15bd792-ccbd-4fc2-bf5c-9901e968ea7f","64f3a3ab58dca4c1096e9c4c7f4d3a3c"
"2823","2026-09-15 14:52:09.651","success","b15bd792-ccbd-4fc2-bf5c-9901e968ea7f","64f3a3ab58dca4c1096e9c4c7f4d3a3c"
"2824","2026-09-15 14:52:10.681","success","b15bd792-ccbd-4fc2-bf5c-9901e968ea7f","64f3a3ab58dca4c1096e9c4c7f4d3a3c"
"2825","2026-09-15 14:52:11.713","success","b15bd792-ccbd-4fc2-bf5c-9901e968ea7f","64f3a3ab58dca4c1096e9c4c7f4d3a3c"
"2826","2026-09-15 14:52:12.754","success","b15bd792-ccbd-4fc2-bf5c-9901e968ea7f","64f3a3ab58dca4c1096e9c4c7f4d3a3c"
"2827","2026-09-15 14:52:13.798","success","b15bd792-ccbd-4fc2-bf5c-9901e968ea7f","64f3a3ab58dca4c1096e9c4c7f4d3a3c"
"2828","2026-09-15 14:52:14.836","success","b15bd792-ccbd-4fc2-bf5c-9901e968ea7f","64f3a3ab58dca4c1096e9c4c7f4d3a3c"
"2829","2026-09-15 14:52:15.869","success","b15bd792-ccbd-4fc2-bf5c-9901e968ea7f","64f3a3ab58dca4c1096e9c4c7f4d3a3c"
"2830","2026-09-15 14:52:16.909","success","b15bd792-ccbd-4fc2-bf5c-9901e968ea7f","64f3a3ab58dca4c1096e9c4c7f4d3a3c"
"2831","2026-09-15 14:52:17.947","success","b15bd792-ccbd-4fc2-bf5c-9901e968ea7f","64f3a3ab58dca4c1096e9c4c7f4d3a3c"
"2832","2026-09-15 14:52:18.988","success","b15bd792-ccbd-4fc2-bf5c-9901e968ea7f","64f3a3ab58dca4c1096e9c4c7f4d3a3c"
"2833","2026-09-15 14:52:20.031","success","b15bd792-ccbd-4fc2-bf5c-9901e968ea7f","64f3a3ab58dca4c1096e9c4c7f4d3a3c"
"2834","2026-09-15 14:52:21.072","success","b15bd792-ccbd-4fc2-bf5c-9901e968ea7f","64f3a3ab58dca4c1096e9c4c7f4d3a3c"
"2835","2026-09-15 14:52:22.116","success","b15bd792-ccbd-4fc2-bf5c-9901e968ea7f","64f3a3ab58dca4c1096e9c4c7f4d3a3c"
"2836","2026-09-15 14:52:23.158","success","b15bd792-ccbd-4fc2-bf5c-9901e968ea7f","64f3a3ab58dca4c1096e9c4c7f4d3a3c"
"2837","2026-09-15 14:52:24.201","success","b15bd792-ccbd-4fc2-bf5c-9901e968ea7f","64f3a3ab58dca4c1096e9c4c7f4d3a3c"
"2838","2026-09-15 14:52:25.251","success","b15bd792-ccbd-4fc2-bf5c-9901e968ea7f","64f3a3ab58dca4c1096e9c4c7f4d3a3c"
"2839","2026-09-15 14:52:26.296","success","b15bd792-ccbd-4fc2-bf5c-9901e968ea7f","64f3a3ab58dca4c1096e9c4c7f4d3a3c"
"2840","2026-09-15 14:52:27.332","success","b15bd792-ccbd-4fc2-bf5c-9901e968ea7f","64f3a3ab58dca4c1096e9c4c7f4d3a3c"
"2841","2026-09-15 14:52:28.369","success","b15bd792-ccbd-4fc2-bf5c-9901e968ea7f","64f3a3ab58dca4c1096e9c4c7f4d3a3c"
"2842","2026-09-15 14:52:29.404","success","b15bd792-ccbd-4fc2-bf5c-9901e968ea7f","64f3a3ab58dca4c1096e9c4c7f4d3a3c"
"2843","2026-09-15 14:52:30.442","success","b15bd792-ccbd-4fc2-bf5c-9901e968ea7f","64f3a3ab58dca4c1096e9c4c7f4d3a3c"
"2844","2026-09-15 14:52:31.481","success","b15bd792-ccbd-4fc2-bf5c-9901e968ea7f","64f3a3ab58dca4c1096e9c4c7f4d3a3c"
"2845","2026-09-15 14:52:32.520","success","b15bd792-ccbd-4fc2-bf5c-9901e968ea7f","64f3a3ab58dca4c1096e9c4c7f4d3a3c"
"2846","2026-09-15 14:52:33.558","success","b15bd792-ccbd-4fc2-bf5c-9901e968ea7f","64f3a3ab58dca4c1096e9c4c7f4d3a3c"
"2847","2026-09-15 14:52:34.600","success","b15bd792-ccbd-4fc2-bf5c-9901e968ea7f","64f3a3ab58dca4c1096e9c4c7f4d3a3c"
"2848","2026-09-15 14:52:35.647","success","b15bd792-ccbd-4fc2-bf5c-9901e968ea7f","64f3a3ab58dca4c1096e9c4c7f4d3a3c"
"2849","2026-09-15 14:52:36.679","success","b15bd792-ccbd-4fc2-bf5c-9901e968ea7f","64f3a3ab58dca4c1096e9c4c7f4d3a3c"
"2850","2026-09-15 14:52:37.714","success","b15bd792-ccbd-4fc2-bf5c-9901e968ea7f","64f3a3ab58dca4c1096e9c4c7f4d3a3c"
"2851","2026-09-15 14:52:38.754","success","b15bd792-ccbd-4fc2-bf5c-9901e968ea7f","64f3a3ab58dca4c1096e9c4c7f4d3a3c"
"2852","2026-09-15 14:52:39.789","success","b15bd792-ccbd-4fc2-bf5c-9901e968ea7f","64f3a3ab58dca4c1096e9c4c7f4d3a3c"
"2853","2026-09-15 14:52:40.827","success","b15bd792-ccbd-4fc2-bf5c-9901e968ea7f","64f3a3ab58dca4c1096e9c4c7f4d3a3c"
"2854","2026-09-15 14:52:41.865","success","b15bd792-ccbd-4fc2-bf5c-9901e968ea7f","64f3a3ab58dca4c1096e9c4c7f4d3a3c"
"2855","2026-09-15 14:52:42.905","success","b15bd792-ccbd-4fc2-bf5c-9901e968ea7f","64f3a3ab58dca4c1096e9c4c7f4d3a3c"
"2856","2026-09-15 14:52:43.942","success","b15bd792-ccbd-4fc2-bf5c-9901e968ea7f","64f3a3ab58dca4c1096e9c4c7f4d3a3c"
"2857","2026-09-15 14:52:44.978","success","b15bd792-ccbd-4fc2-bf5c-9901e968ea7f","64f3a3ab58dca4c1096e9c4c7f4d3a3c"
"2858","2026-09-15 14:52:46.013","success","b15bd792-ccbd-4fc2-bf5c-9901e968ea7f","64f3a3ab58dca4c1096e9c4c7f4d3a3c"
"2859","2026-09-15 14:52:47.056","success","b15bd792-ccbd-4fc2-bf5c-9901e968ea7f","64f3a3ab58dca4c1096e9c4c7f4d3a3c"
"2860","2026-09-15 14:52:48.095","success","b15bd792-ccbd-4fc2-bf5c-9901e968ea7f","64f3a3ab58dca4c1096e9c4c7f4d3a3c"
"2861","2026-09-15 14:52:49.136","success","b15bd792-ccbd-4fc2-bf5c-9901e968ea7f","64f3a3ab58dca4c1096e9c4c7f4d3a3c"
"2862","2026-09-15 14:52:50.177","success","b15bd792-ccbd-4fc2-bf5c-9901e968ea7f","64f3a3ab58dca4c1096e9c4c7f4d3a3c"
"2863","2026-09-15 14:52:51.216","success","b15bd792-ccbd-4fc2-bf5c-9901e968ea7f","64f3a3ab58dca4c1096e9c4c7f4d3a3c"
"2864","2026-09-15 14:52:52.259","success","b15bd792-ccbd-4fc2-bf5c-9901e968ea7f","64f3a3ab58dca4c1096e9c4c7f4d3a3c"
"2865","2026-09-15 14:52:53.293","success","b15bd792-ccbd-4fc2-bf5c-9901e968ea7f","64f3a3ab58dca4c1096e9c4c7f4d3a3c"
